
                                                                 中国银联成员机构银行卡交易汇总表（清算机构）     
  清算机构：05253450                                                                                                清算币种：人民币      
  清算日期：20200702                                                                                                生成日期：20200703              
  交易范围：            


                                                            交   易   金   额                      交换费                    转接清算费                           资 金 清 算 净 额       
                交易类型                  交易笔数         借                贷              借            贷                借              贷                    借                        贷       
  ATM取款发卡                                 1996        4362500.86              0.00       5997.00          0.00         1200.60            0.00          4369698.46                        0.00
  ATM取款受理                                  986              0.00        1882800.00          0.00       2958.00            0.00            0.00                0.00                  1885758.00
  ATM存款发卡                                    2              0.00          10000.00         11.70          0.00            1.20            0.00                0.00                     9987.10
  ATM转账转入方                                 21              0.00         261300.00          0.00         27.50            0.00            0.00                0.00                   261327.50
  ATM转账转出方                                 40         531805.00              0.00        324.40          0.00          243.30            0.00           532372.70                        0.00
  ATM转账受理方                                 33              0.00              0.00          0.00         84.30            0.00            0.00                0.00                       84.30
  ATM查询发卡                                 1358              0.00              0.00          0.00          0.00            0.00            0.00                0.00                        0.00
  ATM查询受理                                 1544              0.00              0.00          0.00          0.00            0.00            0.00                0.00                        0.00
  网上联机退货发卡                               2              0.00           9582.32        107.50          0.00            0.00           13.97                0.00                     9488.79
  网上消费受理                                  13              0.00            885.03          1.28          0.00            0.10            0.00                0.00                      883.65
  柜面取款发卡方                               229       14576665.10              0.00       8754.82          0.00          137.40            0.00         14585557.32                        0.00
  柜面取款受理方                               188              0.00       11067848.27          0.00       6698.42            0.00            0.00                0.00                 11074546.69
  柜面存款发卡方                               106              0.00        6467607.21       3608.66          0.00           63.60            0.00                0.00                  6463934.95
  柜面存款受理方                               114        7443877.14              0.00          0.00       3426.93            0.00            0.00          7440450.21                        0.00
  柜面转账转入方                                13              0.00        2044000.00          0.00         11.50            0.00            0.00                0.00                  2044011.50
  柜面转账转出方                                29        3548649.00              0.00         94.40          0.00           70.80            0.00          3548814.20                        0.00
  柜面转账受理方                                28              0.00              0.00          0.00         67.50            0.00            0.00                0.00                       67.50
  POS消费发卡                                  745       28615928.93              0.00          0.00       2108.17          437.96            0.00         28614258.72                        0.00
  POS消费撤销发卡                                1              0.00           2000.00          7.00          0.00            0.00            0.65                0.00                     1993.65
  POS预授权完成发卡                              9           1285.30              0.00          0.00          4.39            0.40            0.00             1281.31                        0.00
  POS退货发卡                                    1              0.00            149.62          0.00          0.00            0.00            0.00                0.00                      149.62
  直联POS消费受理                                8              0.00          12408.17          8.42          1.63            3.90            0.00                0.00                    12397.48
  间联POS消费受理                               15              0.00          54166.10        243.51          0.00           17.62            0.00                0.00                    53904.97
  POS查询发卡方                                 50              0.00              0.00          0.00          0.00            0.00            0.00                0.00                        0.00
  固话消费发卡                                  33           8518.00              0.00          0.00         15.41            1.44            0.00             8504.03                        0.00
  助农取款发卡方                                 1            300.00              0.00          1.20          0.00            0.15            0.00              301.35                        0.00
  移动支付查询发卡                               1              0.00              0.00          0.00          0.00            0.00            0.00                0.00                        0.00
  POS调账发卡                                    2              0.00            400.00          0.00          0.00            0.00            0.00                0.00                      400.00
  收付费                                         2              1.38              0.00          0.00          0.00            0.00            0.00                1.38                        0.00
  其它消费发卡                                   2        5150000.00              0.00          0.00         26.00            6.50            0.00          5149980.50                        0.00
  其它查询发卡方                              3634              0.00              0.00          0.00          0.00            0.00            0.00                0.00                        0.00
  其它查询受理方                                 6              0.00              0.00          0.00          0.00            0.00            0.00                0.00                        0.00
  自助消费发卡                                9075        2415472.01              0.00          0.00        206.19            1.63            0.00          2415267.45                        0.00
  间联自助消费受理                             753              0.00          40829.57        175.77          0.00           12.55            0.00                0.00                    40641.25
  批量代收发卡                                   1            200.00              0.00          0.00          0.00            0.00            0.00              200.00                        0.00
  批量代付发卡                                5750              0.00      327004642.04          0.00          0.00            0.00            0.00                0.00                327004642.04
  账户信息验证发卡                               5              0.00              0.00          0.00         25.00            0.00            0.00                0.00                       25.00
-------------------------------------------------------------------------------------------------------------------------------------------------------                                                                     
                小    计                     26796       66655202.72      348858618.33      19335.66      15660.94         2199.15           14.62         66666687.63                348864243.99
-------------------------------------------------------------------------------------------------------------------------------------------------------                                                                     
  品牌服务费                                     0              0.00              0.00        205.64          0.00            0.00            0.00              205.64                        0.00
-------------------------------------------------------------------------------------------------------------------------------------------------------                                                                     
                小    计                         0              0.00              0.00        205.64          0.00            0.00            0.00              205.64                        0.00
-------------------------------------------------------------------------------------------------------------------------------------------------------                                                                     
                总    计                     26796       66655202.72      348858618.33      19541.30      15660.94         2199.15           14.62                0.00                282197350.72

